1	1	192	2018-09-14
2	2	116	2019-04-17
3	3	89	2018-07-05
4	4	41	2018-10-15
5	5	141	2019-03-26
6	6	70	2019-02-25
7	7	51	2019-02-07
8	8	197	2019-03-05
9	9	153	2018-06-30
10	10	134	2018-07-22
11	11	94	2018-11-06
12	12	194	2018-05-07
13	13	146	2018-10-13
14	14	165	2019-02-26
15	15	182	2018-05-13
16	16	63	2018-12-07
17	17	158	2019-01-29
18	18	90	2018-11-01
19	19	85	2018-09-20
20	20	146	2019-02-18
21	21	91	2019-04-08
22	22	40	2018-12-07
23	23	8	2018-07-11
24	24	188	2019-04-29
25	25	32	2018-05-23
26	26	67	2019-02-22
27	27	97	2018-07-10
28	28	85	2018-12-18
29	29	145	2018-09-30
30	30	67	2018-10-09
31	31	151	2018-05-19
32	32	2	2018-08-04
33	33	77	2018-07-25
34	34	1	2018-05-31
35	35	63	2018-07-18
36	36	54	2019-01-04
37	37	135	2018-10-22
38	38	6	2019-02-05
39	39	89	2018-10-13
40	40	20	2018-09-23
41	41	109	2019-03-04
42	42	130	2018-06-05
43	43	158	2018-06-14
44	44	121	2019-01-31
45	45	76	2018-10-16
46	46	84	2018-12-01
47	47	85	2019-03-24
48	48	77	2018-06-15
49	49	56	2018-11-27
50	50	171	2019-03-28
51	51	82	2018-06-30
52	52	74	2018-06-24
53	53	115	2019-03-29
54	54	187	2018-12-29
55	55	86	2019-02-15
56	56	5	2018-09-12
57	57	174	2019-04-27
58	58	15	2018-08-28
59	59	190	2018-09-08
60	60	195	2018-09-12
61	61	147	2019-04-12
62	62	114	2018-06-13
63	63	174	2018-05-23
64	64	40	2018-11-15
65	65	73	2018-09-15
66	66	147	2018-08-06
67	67	171	2018-06-27
68	68	119	2019-04-01
69	69	11	2019-01-22
70	70	62	2018-11-20
71	71	75	2019-03-13
72	72	21	2018-09-12
73	73	30	2019-03-28
74	74	111	2019-03-22
75	75	11	2018-08-31
76	76	81	2019-03-22
77	77	104	2018-08-27
78	78	26	2018-11-12
79	79	40	2018-10-10
80	80	73	2018-08-16
81	81	51	2018-10-27
82	82	191	2018-09-25
83	83	96	2018-11-21
84	84	142	2018-09-28
85	85	118	2018-06-13
86	86	167	2019-03-28
87	87	196	2018-10-25
88	88	89	2018-07-15
89	89	24	2019-02-02
90	90	192	2019-01-26
91	91	104	2018-12-28
92	92	79	2019-01-19
93	93	128	2018-09-13
94	94	158	2018-08-16
95	95	44	2018-12-04
96	96	64	2018-11-13
97	97	2	2019-04-23
98	98	73	2019-03-02
99	99	97	2018-11-24
100	100	11	2018-07-08
